100

81.872000000000014
83.199999999999989
125.25333333333333
94.266666666666652
56.19733333333334
94.266666666666652
113.74400000000001
160.22399999999999
76.117333333333335
57.525333333333336
83.642666666666656
66.821333333333328
63.280000000000001
76.117333333333335
57.525333333333329
101.79200000000002
89.397333333333336
135.87733333333333
69.920000000000002
106.66133333333332
128.35199999999998
125.25333333333333
129.23733333333337
73.903999999999996
91.610666666666646
144.28800000000001
84.085333333333338
93.824000000000012
133.66399999999999
127.024
142.07466666666664
112.85866666666668
68.591999999999999
89.397333333333322
107.54666666666667
70.362666666666669
111.53066666666665
86.74133333333333
83.200000000000017
106.66133333333335
140.74666666666667
84.085333333333324
88.954666666666654
97.807999999999993
56.640000000000001
51.328000000000003
94.709333333333348
118.17066666666668
125.696
98.693333333333328
84.085333333333338
86.74133333333333
118.17066666666665
98.693333333333342
92.938666666666677
107.10399999999998
88.954666666666668
125.25333333333333
84.085333333333324
68.591999999999999
115.51466666666667
68.591999999999999
148.71466666666666
63.722666666666669
54.426666666666662
81.871999999999986
68.149333333333331
135.43466666666666
61.066666666666663
55.311999999999998
132.77866666666665
105.33333333333334
84.085333333333324
83.199999999999989
88.069333333333333
127.90933333333331
138.09066666666666
102.23466666666666
74.346666666666664
97.808000000000007
128.79466666666667
146.05866666666668
77.888000000000005
82.757333333333349
86.74133333333333
53.983999999999995
108.87466666666666
58.410666666666671
89.39733333333335
108.432
69.034666666666666
118.61333333333334
93.824000000000012
71.690666666666658
64.608000000000004
84.085333333333324
118.61333333333333
101.79199999999999
84.970666666666659
105.77600000000001

7.3040000000000003, 0, 29
8.6319999999999997, 0, 57
65.936000000000007, 0, 0
0.88533333333333331, 1, 30
5.976, 1, 29
5.0906666666666665, 1, 12
4.6479999999999997, 1, 35
66.599999999999994, 1, 1
5.3120000000000003, 2, 64
4.4266666666666659, 2, 87
5.976, 2, 30
10.402666666666667, 2, 78
7.9679999999999991, 2, 24
2.4346666666666663, 2, 24
1.1066666666666665, 2, 17
87.626666666666665, 2, 2
1.1066666666666665, 3, 31
6.8613333333333335, 3, 73
9.0746666666666655, 3, 43
3.5413333333333332, 3, 64
1.5493333333333332, 3, 95
72.133333333333326, 3, 3
1.5493333333333332, 4, 51
1.5493333333333332, 4, 11
53.098666666666674, 4, 4
0.66400000000000003, 5, 87
9.9599999999999991, 5, 98
1.9919999999999998, 5, 56
4.6479999999999997, 5, 75
4.8693333333333326, 5, 97
72.133333333333326, 5, 5
1.3280000000000001, 6, 61
2.8773333333333331, 6, 62
9.0746666666666655, 6, 51
1.1066666666666665, 6, 85
1.9919999999999998, 6, 3
8.1893333333333338, 6, 65
7.3040000000000003, 6, 73
81.872000000000014, 6, 6
9.0746666666666655, 7, 38
9.0746666666666655, 7, 47
5.3120000000000003, 7, 31
10.181333333333333, 7, 63
10.624000000000001, 7, 33
3.9839999999999995, 7, 31
6.8613333333333335, 7, 81
105.11199999999998, 7, 7
0.66400000000000003, 8, 19
3.9839999999999995, 8, 20
8.4106666666666658, 8, 10
63.058666666666667, 8, 8
3.7626666666666666, 9, 65
53.762666666666668, 9, 9
9.5173333333333332, 10, 96
7.3040000000000003, 10, 86
66.821333333333328, 10, 10
4.6479999999999997, 11, 54
3.7626666666666666, 11, 43
58.410666666666664, 11, 11
3.0986666666666665, 12, 53
3.5413333333333332, 12, 26
56.640000000000001, 12, 12
0.22133333333333333, 13, 8
1.3280000000000001, 13, 28
0.66400000000000003, 13, 86
63.058666666666667, 13, 13
1.7706666666666666, 14, 3
1.9919999999999998, 14, 40
53.762666666666661, 14, 14
0.44266666666666665, 15, 27
7.746666666666667, 15, 24
9.5173333333333332, 15, 31
8.1893333333333338, 15, 10
75.896000000000015, 15, 15
0.66400000000000003, 16, 23
1.7706666666666666, 16, 84
6.6399999999999997, 16, 95
10.624000000000001, 16, 35
69.698666666666668, 16, 16
8.6319999999999997, 17, 8
1.9919999999999998, 17, 31
4.8693333333333326, 17, 60
8.4106666666666658, 17, 16
8.4106666666666658, 17, 23
8.8533333333333317, 17, 56
1.7706666666666666, 17, 53
92.938666666666677, 17, 17
3.3199999999999998, 18, 19
1.3280000000000001, 18, 27
0.44266666666666665, 18, 60
4.8693333333333326, 18, 57
59.960000000000001, 18, 18
6.1973333333333329, 19, 74
2.6560000000000001, 19, 35
5.5333333333333332, 19, 20
4.2053333333333329, 19, 45
9.7386666666666653, 19, 30
78.330666666666659, 19, 19
6.8613333333333335, 20, 21
4.8693333333333326, 20, 39
4.6479999999999997, 20, 56
1.5493333333333332, 20, 63
9.2959999999999994, 20, 35
5.5333333333333332, 20, 26
2.2133333333333329, 20, 15
4.2053333333333329, 20, 41
89.175999999999988, 20, 20
8.4106666666666658, 21, 36
8.6319999999999997, 21, 9
5.0906666666666665, 21, 52
7.746666666666667, 21, 26
7.746666666666667, 21, 61
87.626666666666665, 21, 21
5.7546666666666662, 22, 6
1.5493333333333332, 22, 31
7.0826666666666664, 22, 11
0.88533333333333331, 22, 80
8.6319999999999997, 22, 77
6.4186666666666667, 22, 91
9.2959999999999994, 22, 41
89.618666666666684, 22, 22
1.1066666666666665, 23, 68
10.845333333333333, 23, 16
61.951999999999998, 23, 23
2.6560000000000001, 24, 49
2.2133333333333329, 24, 37
0.66400000000000003, 24, 2
5.0906666666666665, 24, 43
10.181333333333333, 24, 55
70.805333333333323, 24, 24
6.4186666666666667, 25, 76
8.1893333333333338, 25, 66
10.845333333333333, 25, 94
9.9599999999999991, 25, 30
3.5413333333333332, 25, 71
1.1066666666666665, 25, 35
7.0826666666666664, 25, 80
97.143999999999991, 25, 25
7.5253333333333332, 26, 96
0.22133333333333333, 26, 32
4.6479999999999997, 26, 44
2.8773333333333331, 26, 56
1.1066666666666665, 26, 0
0.66400000000000003, 26, 21
67.042666666666676, 26, 26
1.7706666666666666, 27, 50
9.9599999999999991, 27, 56
1.3280000000000001, 27, 7
1.7706666666666666, 27, 84
7.0826666666666664, 27, 85
71.912000000000006, 27, 27
9.7386666666666653, 28, 30
4.8693333333333326, 28, 1
2.4346666666666663, 28, 90
5.0906666666666665, 28, 71
9.7386666666666653, 28, 77
9.2959999999999994, 28, 6
0.66400000000000003, 28, 26
91.832000000000008, 28, 28
0.88533333333333331, 29, 8
9.9599999999999991, 29, 57
7.9679999999999991, 29, 96
5.3120000000000003, 29, 5
3.9839999999999995, 29, 59
8.1893333333333338, 29, 5
1.7706666666666666, 29, 65
0.44266666666666665, 29, 61
88.512, 29, 29
5.976, 30, 58
3.0986666666666665, 30, 84
7.5253333333333332, 30, 35
4.8693333333333326, 30, 62
7.3040000000000003, 30, 53
8.1893333333333338, 30, 82
3.9839999999999995, 30, 59
5.0906666666666665, 30, 95
96.037333333333322, 30, 30
2.8773333333333331, 31, 94
9.2959999999999994, 31, 26
0.44266666666666665, 31, 65
2.8773333333333331, 31, 4
0.44266666666666665, 31, 40
5.976, 31, 51
9.5173333333333332, 31, 43
81.429333333333346, 31, 31
5.0906666666666665, 32, 74
2.4346666666666663, 32, 24
0.66400000000000003, 32, 9
1.1066666666666665, 32, 71
59.295999999999999, 32, 32
5.5333333333333332, 33, 62
9.2959999999999994, 33, 43
4.8693333333333326, 33, 2
69.698666666666654, 33, 33
3.0986666666666665, 34, 79
8.1893333333333338, 34, 44
2.8773333333333331, 34, 86
10.845333333333333, 13, 85
4.4266666666666659, 34, 64
7.746666666666667, 34, 44
2.4346666666666663, 34, 20
10.181333333333333, 35, 14
60.181333333333335, 35, 35
7.746666666666667, 36, 76
8.8533333333333317, 36, 32
9.9599999999999991, 36, 42
4.2053333333333329, 36, 46
80.765333333333317, 36, 36
5.7546666666666662, 37, 13
1.7706666666666666, 37, 67
4.6479999999999997, 37, 92
6.1973333333333329, 37, 21
68.370666666666665, 37, 37
0.22133333333333333, 38, 41
3.9839999999999995, 38, 51
4.2053333333333329, 38, 85
8.1893333333333338, 38, 73
66.600000000000009, 38, 38
5.7546666666666662, 39, 1
1.5493333333333332, 39, 94
3.3199999999999998, 39, 72
5.976, 39, 64
1.7706666666666666, 39, 36
1.9919999999999998, 39, 61
7.9679999999999991, 39, 63
78.330666666666687, 39, 39
8.1893333333333338, 40, 75
5.3120000000000003, 40, 51
5.976, 40, 85
6.1973333333333329, 40, 79
4.4266666666666659, 40, 71
2.6560000000000001, 40, 24
10.181333333333333, 40, 74
2.4346666666666663, 40, 97
95.373333333333335, 40, 40
5.5333333333333332, 41, 76
2.2133333333333329, 41, 64
3.5413333333333332, 41, 80
5.7546666666666662, 41, 4
67.042666666666662, 41, 41
4.6479999999999997, 42, 75
10.402666666666667, 42, 66
4.4266666666666659, 42, 90
69.47733333333332, 42, 42
5.3120000000000003, 43, 92
2.8773333333333331, 43, 89
0.22133333333333333, 43, 50
6.4186666666666667, 43, 12
2.8773333333333331, 43, 49
6.1973333333333329, 43, 49
73.903999999999996, 43, 43
1.5493333333333332, 44, 92
1.7706666666666666, 44, 4
53.32, 44, 44
0.66400000000000003, 45, 88
50.664000000000001, 45, 45
1.5493333333333332, 46, 47
5.976, 46, 59
2.8773333333333331, 46, 37
0.22133333333333333, 46, 80
2.2133333333333329, 46, 54
9.5173333333333332, 46, 60
72.354666666666674, 46, 46
1.1066666666666665, 47, 6
2.4346666666666663, 47, 93
7.746666666666667, 47, 82
4.8693333333333326, 47, 46
5.0906666666666665, 47, 31
1.3280000000000001, 47, 50
5.7546666666666662, 47, 51
5.7546666666666662, 47, 91
84.085333333333338, 47, 47
8.1893333333333338, 48, 6
4.2053333333333329, 48, 57
10.181333333333333, 48, 53
3.7626666666666666, 48, 14
3.7626666666666666, 48, 84
7.746666666666667, 48, 83
87.847999999999999, 48, 48
5.0906666666666665, 49, 72
6.4186666666666667, 49, 11
1.9919999999999998, 49, 22
10.181333333333333, 49, 56
0.66400000000000003, 49, 33
74.346666666666664, 49, 49
7.5253333333333332, 50, 34
0.88533333333333331, 50, 43
1.5493333333333332, 50, 14
7.0826666666666664, 50, 92
67.042666666666676, 50, 50
1.5493333333333332, 51, 8
2.4346666666666663, 51, 52
3.7626666666666666, 51, 78
5.5333333333333332, 51, 68
5.0906666666666665, 51, 65
68.370666666666665, 51, 51
0.88533333333333331, 52, 76
9.0746666666666655, 52, 78
1.9919999999999998, 52, 5
4.6479999999999997, 52, 50
5.7546666666666662, 52, 56
1.1066666666666665, 52, 4
10.624000000000001, 52, 4
84.085333333333324, 52, 52
0.22133333333333333, 53, 16
7.5253333333333332, 53, 2
1.3280000000000001, 53, 13
5.7546666666666662, 53, 64
2.6560000000000001, 53, 54
6.8613333333333335, 53, 3
74.346666666666678, 53, 53
2.8773333333333331, 54, 9
1.1066666666666665, 54, 6
9.2959999999999994, 54, 77
2.4346666666666663, 54, 88
5.3120000000000003, 54, 8
0.44266666666666665, 54, 29
71.469333333333338, 54, 54
10.181333333333333, 55, 1
8.8533333333333317, 55, 7
5.5333333333333332, 55, 74
3.9839999999999995, 55, 16
78.551999999999992, 55, 55
3.7626666666666666, 56, 82
2.6560000000000001, 56, 5
4.2053333333333329, 56, 71
8.8533333333333317, 56, 55
69.477333333333334, 56, 56
7.746666666666667, 57, 82
10.402666666666667, 57, 15
8.8533333333333317, 57, 97
0.66400000000000003, 57, 9
0.22133333333333333, 57, 10
9.7386666666666653, 57, 71
78.773333333333341, 34, 34
87.626666666666665, 57, 57
7.746666666666667, 58, 47
9.2959999999999994, 58, 81
67.042666666666662, 58, 58
3.0986666666666665, 59, 4
0.66400000000000003, 59, 67
5.5333333333333332, 59, 16
59.295999999999999, 59, 59
9.2959999999999994, 60, 57
10.845333333333333, 60, 54
2.4346666666666663, 60, 46
3.7626666666666666, 60, 39
6.4186666666666667, 60, 55
82.757333333333335, 60, 60
2.8773333333333331, 61, 68
0.22133333333333333, 61, 38
3.3199999999999998, 61, 70
2.8773333333333331, 61, 34
59.295999999999999, 61, 61
5.3120000000000003, 62, 57
9.2959999999999994, 62, 18
4.4266666666666659, 62, 94
5.976, 62, 25
5.5333333333333332, 62, 75
10.624000000000001, 62, 22
8.1893333333333338, 62, 87
99.35733333333333, 62, 62
0.88533333333333331, 63, 8
4.6479999999999997, 63, 91
1.3280000000000001, 63, 86
56.861333333333334, 63, 63
2.2133333333333329, 64, 94
52.213333333333331, 64, 64
8.6319999999999997, 65, 24
3.0986666666666665, 65, 0
4.2053333333333329, 65, 24
65.935999999999993, 65, 65
9.0746666666666655, 66, 71
59.074666666666666, 66, 66
3.9839999999999995, 67, 25
1.1066666666666665, 67, 25
8.6319999999999997, 67, 6
4.8693333333333326, 67, 11
10.402666666666667, 67, 21
10.624000000000001, 67, 1
3.0986666666666665, 67, 44
92.717333333333329, 67, 67
5.5333333333333332, 68, 62
55.533333333333331, 68, 68
2.6560000000000001, 69, 23
52.655999999999999, 69, 69
6.1973333333333329, 70, 86
2.6560000000000001, 70, 5
7.746666666666667, 70, 74
9.7386666666666653, 70, 93
8.8533333333333317, 70, 79
1.7706666666666666, 70, 4
4.4266666666666659, 70, 97
91.389333333333312, 70, 70
5.0906666666666665, 71, 45
4.8693333333333326, 71, 26
8.1893333333333338, 71, 58
2.8773333333333331, 71, 3
0.66400000000000003, 71, 68
5.976, 71, 17
77.666666666666671, 71, 71
4.2053333333333329, 72, 56
3.3199999999999998, 72, 28
9.5173333333333332, 72, 3
67.042666666666662, 72, 72
8.4106666666666658, 73, 72
8.1893333333333338, 73, 35
66.599999999999994, 73, 73
2.8773333333333331, 74, 0
6.8613333333333335, 74, 4
9.2959999999999994, 74, 14
69.034666666666666, 74, 74
2.2133333333333329, 75, 35
1.7706666666666666, 75, 56
8.4106666666666658, 75, 88
8.8533333333333317, 75, 29
9.5173333333333332, 75, 46
4.4266666666666659, 75, 55
3.7626666666666666, 75, 81
88.954666666666654, 75, 75
7.3040000000000003, 76, 17
5.7546666666666662, 76, 38
8.4106666666666658, 76, 52
6.4186666666666667, 76, 37
10.624000000000001, 76, 24
1.9919999999999998, 76, 82
3.5413333333333332, 76, 93
94.045333333333332, 76, 76
1.1066666666666665, 77, 53
5.7546666666666662, 77, 67
5.5333333333333332, 77, 60
0.22133333333333333, 77, 76
10.181333333333333, 77, 71
3.3199999999999998, 77, 45
76.11733333333332, 77, 77
9.2959999999999994, 78, 56
2.8773333333333331, 78, 5
62.173333333333332, 78, 78
10.181333333333333, 79, 69
4.8693333333333326, 79, 32
1.3280000000000001, 79, 37
6.4186666666666667, 79, 31
1.1066666666666665, 79, 34
73.904000000000011, 79, 79
2.6560000000000001, 80, 70
9.5173333333333332, 80, 32
7.9679999999999991, 80, 84
9.0746666666666655, 80, 25
9.7386666666666653, 80, 39
0.44266666666666665, 80, 77
89.397333333333336, 80, 80
8.4106666666666658, 81, 88
1.1066666666666665, 81, 27
6.8613333333333335, 81, 14
9.0746666666666655, 81, 72
2.4346666666666663, 81, 66
7.9679999999999991, 81, 88
2.6560000000000001, 81, 52
9.5173333333333332, 81, 57
98.029333333333341, 81, 81
3.5413333333333332, 82, 87
1.7706666666666666, 82, 35
7.3040000000000003, 82, 9
0.66400000000000003, 82, 2
0.66400000000000003, 82, 0
63.944000000000003, 82, 82
10.624000000000001, 83, 36
3.7626666666666666, 83, 55
1.9919999999999998, 83, 70
66.378666666666675, 83, 83
6.6399999999999997, 84, 33
1.7706666666666666, 84, 92
1.1066666666666665, 84, 77
3.0986666666666665, 84, 23
5.7546666666666662, 84, 42
68.370666666666665, 84, 84
1.9919999999999998, 85, 52
51.991999999999997, 85, 85
2.4346666666666663, 86, 76
10.624000000000001, 86, 94
0.66400000000000003, 86, 83
4.4266666666666659, 86, 56
5.0906666666666665, 86, 69
4.2053333333333329, 86, 17
1.9919999999999998, 86, 0
79.437333333333328, 86, 86
4.2053333333333329, 87, 13
54.205333333333336, 87, 87
0.66400000000000003, 88, 66
6.8613333333333335, 88, 71
9.2959999999999994, 88, 15
2.8773333333333331, 88, 65
69.698666666666682, 88, 88
8.6319999999999997, 89, 50
8.4106666666666658, 89, 29
2.2133333333333329, 89, 78
7.5253333333333332, 89, 34
2.4346666666666663, 89, 98
79.216000000000008, 89, 89
9.5173333333333332, 90, 30
59.517333333333333, 90, 90
4.2053333333333329, 91, 88
4.2053333333333329, 91, 58
4.6479999999999997, 91, 29
3.7626666666666666, 91, 78
1.1066666666666665, 91, 93
6.6399999999999997, 91, 69
2.6560000000000001, 91, 83
7.0826666666666664, 91, 73
84.306666666666672, 91, 91
7.746666666666667, 92, 19
7.5253333333333332, 92, 24
6.6399999999999997, 92, 16
71.912000000000006, 92, 92
0.22133333333333333, 93, 7
3.3199999999999998, 93, 95
2.2133333333333329, 93, 59
5.0906666666666665, 93, 95
60.845333333333329, 93, 93
5.976, 94, 15
1.3280000000000001, 94, 78
57.304000000000002, 94, 94
2.8773333333333331, 95, 9
9.0746666666666655, 95, 49
5.0906666666666665, 95, 78
67.042666666666662, 95, 95
6.1973333333333329, 96, 38
6.1973333333333329, 96, 72
4.6479999999999997, 96, 4
5.3120000000000003, 96, 81
7.3040000000000003, 96, 97
0.66400000000000003, 96, 39
3.9839999999999995, 96, 35
84.306666666666658, 96, 96
5.7546666666666662, 97, 86
10.624000000000001, 97, 42
9.5173333333333332, 97, 33
75.895999999999987, 97, 97
6.6399999999999997, 98, 18
10.845333333333333, 98, 36
67.48533333333333, 98, 98
6.1973333333333329, 99, 48
3.0986666666666665, 99, 18
1.1066666666666665, 99, 15
3.5413333333333332, 99, 91
5.7546666666666662, 99, 55
8.1893333333333338, 99, 60
77.888000000000005, 99, 99
