100

-18.128
-16.800000000000004
25.253333333333327
-5.7333333333333307
-43.80266666666666
-5.7333333333333414
13.744
60.223999999999997
-23.882666666666665
-42.474666666666664
-16.35733333333333
-33.178666666666672
-36.719999999999999
-23.882666666666665
-42.474666666666671
1.7920000000000051
-10.602666666666664
35.877333333333311
-30.079999999999998
6.6613333333333244
28.351999999999997
25.253333333333327
29.237333333333339
-26.096000000000004
-8.3893333333333402
44.288000000000004
-15.914666666666665
-6.1760000000000019
33.663999999999987
27.023999999999994
42.074666666666666
12.858666666666661
-31.408000000000001
-10.602666666666671
7.5466666666666562
-29.637333333333331
11.530666666666662
-13.25866666666667
-16.79999999999999
6.6613333333333351
40.74666666666667
-15.914666666666673
-11.045333333333335
-2.1920000000000037
-43.359999999999999
-48.671999999999997
-5.2906666666666666
18.170666666666662
25.696000000000016
-1.3066666666666684
-15.914666666666658
-13.258666666666667
18.170666666666655
-1.3066666666666649
-7.0613333333333301
7.1039999999999921
-11.045333333333335
25.253333333333337
-15.914666666666665
-31.408000000000001
15.514666666666667
-31.408000000000001
48.714666666666659
-36.277333333333331
-45.573333333333338
-18.128
-31.850666666666669
35.434666666666672
-38.933333333333337
-44.688000000000002
32.778666666666659
5.333333333333325
-15.914666666666665
-16.800000000000004
-11.930666666666667
27.909333333333315
38.090666666666664
2.2346666666666692
-25.653333333333336
-2.1920000000000037
28.794666666666657
46.05866666666666
-22.111999999999998
-17.242666666666665
-13.25866666666667
-46.016000000000005
8.8746666666666663
-41.589333333333329
-10.602666666666668
8.4319999999999879
-30.965333333333334
18.613333333333337
-6.1759999999999948
-28.309333333333338
-35.391999999999996
-15.914666666666673
18.613333333333337
1.7920000000000016
-15.029333333333337
5.7759999999999998

7.3040000000000003, 0, 29
8.6319999999999997, 0, 57
-34.064, 0, 0
0.88533333333333331, 1, 30
5.976, 1, 29
5.0906666666666665, 1, 12
4.6479999999999997, 1, 35
-33.400000000000006, 1, 1
5.3120000000000003, 2, 64
4.4266666666666659, 2, 87
5.976, 2, 30
10.402666666666667, 2, 78
7.9679999999999991, 2, 24
2.4346666666666663, 2, 24
1.1066666666666665, 2, 17
-12.373333333333338, 2, 2
1.1066666666666665, 3, 31
6.8613333333333335, 3, 73
9.0746666666666655, 3, 43
3.5413333333333332, 3, 64
1.5493333333333332, 3, 95
-27.866666666666664, 3, 3
1.5493333333333332, 4, 51
1.5493333333333332, 4, 11
-46.901333333333326, 4, 4
0.66400000000000003, 5, 87
9.9599999999999991, 5, 98
1.9919999999999998, 5, 56
4.6479999999999997, 5, 75
4.8693333333333326, 5, 97
-27.866666666666671, 5, 5
1.3280000000000001, 6, 61
2.8773333333333331, 6, 62
9.0746666666666655, 6, 51
1.1066666666666665, 6, 85
1.9919999999999998, 6, 3
8.1893333333333338, 6, 65
7.3040000000000003, 6, 73
-18.128, 6, 6
9.0746666666666655, 7, 38
9.0746666666666655, 7, 47
5.3120000000000003, 7, 31
10.181333333333333, 7, 63
10.624000000000001, 7, 33
3.9839999999999995, 7, 31
6.8613333333333335, 7, 81
5.1119999999999965, 7, 7
0.66400000000000003, 8, 19
3.9839999999999995, 8, 20
8.4106666666666658, 8, 10
-36.941333333333333, 8, 8
3.7626666666666666, 9, 65
-46.237333333333332, 9, 9
9.5173333333333332, 10, 96
7.3040000000000003, 10, 86
-33.178666666666665, 10, 10
4.6479999999999997, 11, 54
3.7626666666666666, 11, 43
-41.589333333333336, 11, 11
3.0986666666666665, 12, 53
3.5413333333333332, 12, 26
-43.359999999999999, 12, 12
0.22133333333333333, 13, 8
10.845333333333333, 13, 85
1.3280000000000001, 13, 28
0.66400000000000003, 13, 86
-36.941333333333333, 13, 13
1.7706666666666666, 14, 3
1.9919999999999998, 14, 40
-46.237333333333339, 14, 14
0.44266666666666665, 15, 27
7.746666666666667, 15, 24
9.5173333333333332, 15, 31
8.1893333333333338, 15, 10
-24.103999999999996, 15, 15
0.66400000000000003, 16, 23
1.7706666666666666, 16, 84
6.6399999999999997, 16, 95
10.624000000000001, 16, 35
-30.301333333333332, 16, 16
8.6319999999999997, 17, 8
1.9919999999999998, 17, 31
4.8693333333333326, 17, 60
8.4106666666666658, 17, 16
8.4106666666666658, 17, 23
8.8533333333333317, 17, 56
1.7706666666666666, 17, 53
-7.0613333333333479, 17, 17
3.3199999999999998, 18, 19
1.3280000000000001, 18, 27
0.44266666666666665, 18, 60
4.8693333333333326, 18, 57
-40.039999999999999, 18, 18
6.1973333333333329, 19, 74
2.6560000000000001, 19, 35
5.5333333333333332, 19, 20
4.2053333333333329, 19, 45
9.7386666666666653, 19, 30
-21.669333333333341, 19, 19
6.8613333333333335, 20, 21
4.8693333333333326, 20, 39
4.6479999999999997, 20, 56
1.5493333333333332, 20, 63
9.2959999999999994, 20, 35
5.5333333333333332, 20, 26
2.2133333333333329, 20, 15
4.2053333333333329, 20, 41
-10.824000000000005, 20, 20
8.4106666666666658, 21, 36
8.6319999999999997, 21, 9
5.0906666666666665, 21, 52
7.746666666666667, 21, 26
7.746666666666667, 21, 61
-12.373333333333338, 21, 21
5.7546666666666662, 22, 6
1.5493333333333332, 22, 31
7.0826666666666664, 22, 11
0.88533333333333331, 22, 80
8.6319999999999997, 22, 77
6.4186666666666667, 22, 91
9.2959999999999994, 22, 41
-10.38133333333333, 22, 22
1.1066666666666665, 23, 68
10.845333333333333, 23, 16
-38.048000000000002, 23, 23
2.6560000000000001, 24, 49
2.2133333333333329, 24, 37
0.66400000000000003, 24, 2
5.0906666666666665, 24, 43
10.181333333333333, 24, 55
-29.19466666666667, 24, 24
6.4186666666666667, 25, 76
8.1893333333333338, 25, 66
10.845333333333333, 25, 94
9.9599999999999991, 25, 30
3.5413333333333332, 25, 71
1.1066666666666665, 25, 35
7.0826666666666664, 25, 80
-2.8559999999999999, 25, 25
7.5253333333333332, 26, 96
0.22133333333333333, 26, 32
4.6479999999999997, 26, 44
2.8773333333333331, 26, 56
1.1066666666666665, 26, 0
0.66400000000000003, 26, 21
-32.957333333333331, 26, 26
1.7706666666666666, 27, 50
9.9599999999999991, 27, 56
1.3280000000000001, 27, 7
1.7706666666666666, 27, 84
7.0826666666666664, 27, 85
-28.088000000000001, 27, 27
9.7386666666666653, 28, 30
4.8693333333333326, 28, 1
2.4346666666666663, 28, 90
5.0906666666666665, 28, 71
9.7386666666666653, 28, 77
9.2959999999999994, 28, 6
0.66400000000000003, 28, 26
-8.1680000000000081, 28, 28
0.88533333333333331, 29, 8
9.9599999999999991, 29, 57
7.9679999999999991, 29, 96
5.3120000000000003, 29, 5
3.9839999999999995, 29, 59
8.1893333333333338, 29, 5
1.7706666666666666, 29, 65
0.44266666666666665, 29, 61
-11.487999999999998, 29, 29
5.976, 30, 58
3.0986666666666665, 30, 84
7.5253333333333332, 30, 35
4.8693333333333326, 30, 62
7.3040000000000003, 30, 53
8.1893333333333338, 30, 82
3.9839999999999995, 30, 59
5.0906666666666665, 30, 95
-3.9626666666666663, 30, 30
2.8773333333333331, 31, 94
9.2959999999999994, 31, 26
0.44266666666666665, 31, 65
2.8773333333333331, 31, 4
0.44266666666666665, 31, 40
5.976, 31, 51
9.5173333333333332, 31, 43
-18.570666666666668, 31, 31
5.0906666666666665, 32, 74
2.4346666666666663, 32, 24
0.66400000000000003, 32, 9
1.1066666666666665, 32, 71
-40.704000000000001, 32, 32
5.5333333333333332, 33, 62
9.2959999999999994, 33, 43
4.8693333333333326, 33, 2
-30.301333333333336, 33, 33
3.0986666666666665, 34, 79
8.1893333333333338, 34, 44
2.8773333333333331, 34, 86
4.4266666666666659, 34, 64
7.746666666666667, 34, 44
2.4346666666666663, 34, 20
-21.226666666666674, 34, 34
10.181333333333333, 35, 14
-39.818666666666665, 35, 35
7.746666666666667, 36, 76
8.8533333333333317, 36, 32
9.9599999999999991, 36, 42
4.2053333333333329, 36, 46
-19.234666666666666, 36, 36
5.7546666666666662, 37, 13
1.7706666666666666, 37, 67
4.6479999999999997, 37, 92
6.1973333333333329, 37, 21
-31.629333333333335, 37, 37
0.22133333333333333, 38, 41
3.9839999999999995, 38, 51
4.2053333333333329, 38, 85
8.1893333333333338, 38, 73
-33.399999999999991, 38, 38
5.7546666666666662, 39, 1
1.5493333333333332, 39, 94
3.3199999999999998, 39, 72
5.976, 39, 64
1.7706666666666666, 39, 36
1.9919999999999998, 39, 61
7.9679999999999991, 39, 63
-21.669333333333331, 39, 39
8.1893333333333338, 40, 75
5.3120000000000003, 40, 51
5.976, 40, 85
6.1973333333333329, 40, 79
4.4266666666666659, 40, 71
2.6560000000000001, 40, 24
10.181333333333333, 40, 74
2.4346666666666663, 40, 97
-4.6266666666666687, 40, 40
5.5333333333333332, 41, 76
2.2133333333333329, 41, 64
3.5413333333333332, 41, 80
5.7546666666666662, 41, 4
-32.957333333333338, 41, 41
4.6479999999999997, 42, 75
10.402666666666667, 42, 66
4.4266666666666659, 42, 90
-30.522666666666669, 42, 42
5.3120000000000003, 43, 92
2.8773333333333331, 43, 89
0.22133333333333333, 43, 50
6.4186666666666667, 43, 12
2.8773333333333331, 43, 49
6.1973333333333329, 43, 49
-26.096000000000004, 43, 43
1.5493333333333332, 44, 92
1.7706666666666666, 44, 4
-46.68, 44, 44
0.66400000000000003, 45, 88
-49.335999999999999, 45, 45
1.5493333333333332, 46, 47
5.976, 46, 59
2.8773333333333331, 46, 37
0.22133333333333333, 46, 80
2.2133333333333329, 46, 54
9.5173333333333332, 46, 60
-27.645333333333333, 46, 46
1.1066666666666665, 47, 6
2.4346666666666663, 47, 93
7.746666666666667, 47, 82
4.8693333333333326, 47, 46
5.0906666666666665, 47, 31
1.3280000000000001, 47, 50
5.7546666666666662, 47, 51
5.7546666666666662, 47, 91
-15.914666666666669, 47, 47
8.1893333333333338, 48, 6
4.2053333333333329, 48, 57
10.181333333333333, 48, 53
3.7626666666666666, 48, 14
3.7626666666666666, 48, 84
7.746666666666667, 48, 83
-12.15199999999999, 48, 48
5.0906666666666665, 49, 72
6.4186666666666667, 49, 11
1.9919999999999998, 49, 22
10.181333333333333, 49, 56
0.66400000000000003, 49, 33
-25.653333333333336, 49, 49
7.5253333333333332, 50, 34
0.88533333333333331, 50, 43
1.5493333333333332, 50, 14
7.0826666666666664, 50, 92
-32.957333333333324, 50, 50
1.5493333333333332, 51, 8
2.4346666666666663, 51, 52
3.7626666666666666, 51, 78
5.5333333333333332, 51, 68
5.0906666666666665, 51, 65
-31.629333333333332, 51, 51
0.88533333333333331, 52, 76
9.0746666666666655, 52, 78
1.9919999999999998, 52, 5
4.6479999999999997, 52, 50
5.7546666666666662, 52, 56
1.1066666666666665, 52, 4
10.624000000000001, 52, 4
-15.914666666666674, 52, 52
0.22133333333333333, 53, 16
7.5253333333333332, 53, 2
1.3280000000000001, 53, 13
5.7546666666666662, 53, 64
2.6560000000000001, 53, 54
6.8613333333333335, 53, 3
-25.653333333333329, 53, 53
2.8773333333333331, 54, 9
1.1066666666666665, 54, 6
9.2959999999999994, 54, 77
2.4346666666666663, 54, 88
5.3120000000000003, 54, 8
0.44266666666666665, 54, 29
-28.530666666666665, 54, 54
10.181333333333333, 55, 1
8.8533333333333317, 55, 7
5.5333333333333332, 55, 74
3.9839999999999995, 55, 16
-21.448000000000004, 55, 55
3.7626666666666666, 56, 82
2.6560000000000001, 56, 5
4.2053333333333329, 56, 71
8.8533333333333317, 56, 55
-30.522666666666666, 56, 56
7.746666666666667, 57, 82
10.402666666666667, 57, 15
8.8533333333333317, 57, 97
0.66400000000000003, 57, 9
0.22133333333333333, 57, 10
9.7386666666666653, 57, 71
-12.37333333333333, 57, 57
7.746666666666667, 58, 47
9.2959999999999994, 58, 81
-32.957333333333331, 58, 58
3.0986666666666665, 59, 4
0.66400000000000003, 59, 67
5.5333333333333332, 59, 16
-40.704000000000001, 59, 59
9.2959999999999994, 60, 57
10.845333333333333, 60, 54
2.4346666666666663, 60, 46
3.7626666666666666, 60, 39
6.4186666666666667, 60, 55
-17.242666666666668, 60, 60
2.8773333333333331, 61, 68
0.22133333333333333, 61, 38
3.3199999999999998, 61, 70
2.8773333333333331, 61, 34
-40.704000000000001, 61, 61
5.3120000000000003, 62, 57
9.2959999999999994, 62, 18
4.4266666666666659, 62, 94
5.976, 62, 25
5.5333333333333332, 62, 75
10.624000000000001, 62, 22
8.1893333333333338, 62, 87
-0.64266666666666872, 62, 62
0.88533333333333331, 63, 8
4.6479999999999997, 63, 91
1.3280000000000001, 63, 86
-43.138666666666666, 63, 63
2.2133333333333329, 64, 94
-47.786666666666669, 64, 64
8.6319999999999997, 65, 24
3.0986666666666665, 65, 0
4.2053333333333329, 65, 24
-34.064, 65, 65
9.0746666666666655, 66, 71
-40.925333333333334, 66, 66
3.9839999999999995, 67, 25
1.1066666666666665, 67, 25
8.6319999999999997, 67, 6
4.8693333333333326, 67, 11
10.402666666666667, 67, 21
10.624000000000001, 67, 1
3.0986666666666665, 67, 44
-7.2826666666666657, 67, 67
5.5333333333333332, 68, 62
-44.466666666666669, 68, 68
2.6560000000000001, 69, 23
-47.344000000000001, 69, 69
6.1973333333333329, 70, 86
2.6560000000000001, 70, 5
7.746666666666667, 70, 74
9.7386666666666653, 70, 93
8.8533333333333317, 70, 79
1.7706666666666666, 70, 4
4.4266666666666659, 70, 97
-8.6106666666666669, 70, 70
5.0906666666666665, 71, 45
4.8693333333333326, 71, 26
8.1893333333333338, 71, 58
2.8773333333333331, 71, 3
0.66400000000000003, 71, 68
5.976, 71, 17
-22.333333333333339, 71, 71
4.2053333333333329, 72, 56
3.3199999999999998, 72, 28
9.5173333333333332, 72, 3
-32.957333333333331, 72, 72
8.4106666666666658, 73, 72
8.1893333333333338, 73, 35
-33.400000000000006, 73, 73
2.8773333333333331, 74, 0
6.8613333333333335, 74, 4
9.2959999999999994, 74, 14
-30.965333333333334, 74, 74
2.2133333333333329, 75, 35
1.7706666666666666, 75, 56
8.4106666666666658, 75, 88
8.8533333333333317, 75, 29
9.5173333333333332, 75, 46
4.4266666666666659, 75, 55
3.7626666666666666, 75, 81
-11.045333333333344, 75, 75
7.3040000000000003, 76, 17
5.7546666666666662, 76, 38
8.4106666666666658, 76, 52
6.4186666666666667, 76, 37
10.624000000000001, 76, 24
1.9919999999999998, 76, 82
3.5413333333333332, 76, 93
-5.954666666666669, 76, 76
1.1066666666666665, 77, 53
5.7546666666666662, 77, 67
5.5333333333333332, 77, 60
0.22133333333333333, 77, 76
10.181333333333333, 77, 71
3.3199999999999998, 77, 45
-23.882666666666665, 77, 77
9.2959999999999994, 78, 56
2.8773333333333331, 78, 5
-37.826666666666668, 78, 78
10.181333333333333, 79, 69
4.8693333333333326, 79, 32
1.3280000000000001, 79, 37
6.4186666666666667, 79, 31
1.1066666666666665, 79, 34
-26.096, 79, 79
2.6560000000000001, 80, 70
9.5173333333333332, 80, 32
7.9679999999999991, 80, 84
9.0746666666666655, 80, 25
9.7386666666666653, 80, 39
0.44266666666666665, 80, 77
-10.602666666666671, 80, 80
8.4106666666666658, 81, 88
1.1066666666666665, 81, 27
6.8613333333333335, 81, 14
9.0746666666666655, 81, 72
2.4346666666666663, 81, 66
7.9679999999999991, 81, 88
2.6560000000000001, 81, 52
9.5173333333333332, 81, 57
-1.9706666666666681, 81, 81
3.5413333333333332, 82, 87
1.7706666666666666, 82, 35
7.3040000000000003, 82, 9
0.66400000000000003, 82, 2
0.66400000000000003, 82, 0
-36.055999999999997, 82, 82
10.624000000000001, 83, 36
3.7626666666666666, 83, 55
1.9919999999999998, 83, 70
-33.621333333333332, 83, 83
6.6399999999999997, 84, 33
1.7706666666666666, 84, 92
1.1066666666666665, 84, 77
3.0986666666666665, 84, 23
5.7546666666666662, 84, 42
-31.629333333333335, 84, 84
1.9919999999999998, 85, 52
-48.008000000000003, 85, 85
2.4346666666666663, 86, 76
10.624000000000001, 86, 94
0.66400000000000003, 86, 83
4.4266666666666659, 86, 56
5.0906666666666665, 86, 69
4.2053333333333329, 86, 17
1.9919999999999998, 86, 0
-20.562666666666665, 86, 86
4.2053333333333329, 87, 13
-45.794666666666664, 87, 87
0.66400000000000003, 88, 66
6.8613333333333335, 88, 71
9.2959999999999994, 88, 15
2.8773333333333331, 88, 65
-30.301333333333332, 88, 88
8.6319999999999997, 89, 50
8.4106666666666658, 89, 29
2.2133333333333329, 89, 78
7.5253333333333332, 89, 34
2.4346666666666663, 89, 98
-20.78400000000001, 89, 89
9.5173333333333332, 90, 30
-40.482666666666667, 90, 90
4.2053333333333329, 91, 88
4.2053333333333329, 91, 58
4.6479999999999997, 91, 29
3.7626666666666666, 91, 78
1.1066666666666665, 91, 93
6.6399999999999997, 91, 69
2.6560000000000001, 91, 83
7.0826666666666664, 91, 73
-15.69333333333333, 91, 91
7.746666666666667, 92, 19
7.5253333333333332, 92, 24
6.6399999999999997, 92, 16
-28.087999999999994, 92, 92
0.22133333333333333, 93, 7
3.3199999999999998, 93, 95
2.2133333333333329, 93, 59
5.0906666666666665, 93, 95
-39.154666666666671, 93, 93
5.976, 94, 15
1.3280000000000001, 94, 78
-42.695999999999998, 94, 94
2.8773333333333331, 95, 9
9.0746666666666655, 95, 49
5.0906666666666665, 95, 78
-32.957333333333338, 95, 95
6.1973333333333329, 96, 38
6.1973333333333329, 96, 72
4.6479999999999997, 96, 4
5.3120000000000003, 96, 81
7.3040000000000003, 96, 97
0.66400000000000003, 96, 39
3.9839999999999995, 96, 35
-15.693333333333337, 96, 96
5.7546666666666662, 97, 86
10.624000000000001, 97, 42
9.5173333333333332, 97, 33
-24.103999999999999, 97, 97
6.6399999999999997, 98, 18
10.845333333333333, 98, 36
-32.51466666666667, 98, 98
6.1973333333333329, 99, 48
3.0986666666666665, 99, 18
1.1066666666666665, 99, 15
3.5413333333333332, 99, 91
5.7546666666666662, 99, 55
8.1893333333333338, 99, 60
-22.111999999999998, 99, 99
